ABW          4 10 21 36 54 78 106 136 173 214
ACO          4 9 19 35 52 72 100 131 163 201
AEI          4 9 17 29 45 64 85 111 143 177
AEI          4 9 17 29 45 65 87 113 143 176
AEI          4 9 17 29 45 65 88 113 143 178
AEL          4 11 21 37 59 85 114 150 189 232
AEL          4 11 22 38 58 85 115 148 188 234
AEL          4 12 24 40 59 84 115 150 186 230
AEN          4 11 22 38 63 90 116 155 204 250
AEN          4 11 22 39 64 90 119 155 201 250
AEN          4 11 24 41 60 86 123 162 199 248
AET          4 10 18 32 52 76 105 140 171 202
AET          4 11 21 35 52 74 102 136 172 212
AET          4 11 21 35 53 78 108 140 172 208
AET          4 11 22 38 55 74 98 132 173 216
AET          4 12 23 36 52 75 103 135 172 215
AFG          4 10 20 34 53 76 103 135 170 208
AFG          4 10 20 34 54 78 104 134 168 210
AFI          4 11 21 35 53 77 105 137 172 212
AFN          4 9 17 30 49 75 102 125 157 202
AFN          4 9 18 31 49 72 99 130 160 198
AFN          4 9 19 33 51 76 98 123 162 203
AFN          4 10 21 35 50 71 100 132 164 198
AFO          4 11 21 36 56 82 115 156 195 231
AFO          4 11 22 38 58 85 115 149 190 235
AFO          4 11 22 41 65 88 111 145 186 231
AFO          4 12 23 37 55 82 118 155 189 232
AFR          4 9 16 27 43 63 88 115 141 171
AFR          4 9 18 29 42 66 93 112 139 177
AFR          4 9 18 30 43 64 90 111 140 181
AFR          4 10 17 28 47 65 86 117 144 169
AFS          4 9 16 25 39 61 86 109 134 163
AFS          4 9 17 28 42 60 83 111 138 166
AFS          4 9 18 30 43 62 85 105 135 180
AFT          4 9 17 29 45 64 85 110 140 173
AFT          4 9 17 29 45 64 86 113 144 178
AFT          4 9 17 29 45 65 88 113 141 175
AFX          4 9 17 29 45 64 85 110 141 178
AFX          4 9 17 29 45 65 89 116 144 175
AFY          4 8 14 25 39 53 71 96 124 152
AFY          4 9 16 23 34 57 82 98 115 141
AHT          4 10 18 32 53 78 105 140 179 218
AHT          4 11 21 36 56 81 109 142 179 221
ANA          4 10 22 39 60 87 118 154 196 242
APC          4 9 19 35 53 75 102 132 168 208
APC          4 10 20 35 54 76 104 136 171 211
APD          4 10 21 37 57 82 112 145 184 228
APD          4 11 22 38 59 83 113 147 186 230
AST          4 9 19 34 48 66 96 127 151 183
AST          4 12 18 28 52 78 88 112 162 204
ASV          4 9 19 35 52 72 100 131 163 201
ASV          4 12 18 26 52 84 100 118 162 210
ATN          4 10 21 36 54 78 106 136 173 214
ATO          4 11 22 37 59 85 114 147 184 230
ATS          4 10 19 30 46 67 93 124 154 189
ATS          4 10 19 32 51 72 96 124 155 196
ATS          4 10 20 32 49 73 97 124 157 193
ATT          4 9 18 33 52 73 96 123 158 199
ATT          4 10 21 34 48 70 100 130 159 194
ATV          4 11 22 40 64 92 121 157 200 248
ATV          4 12 25 42 61 88 122 160 200 246
AWO          4 9 19 35 54 76 102 134 172 214
AWO          4 10 20 35 55 78 103 133 173 217
AWO          4 10 21 36 53 76 108 142 173 210
AWW          4 9 17 30 50 74 97 123 158 198
AWW          4 10 20 33 50 72 98 128 162 200
BCT          4 11 24 41 62 90 122 157 200 247
*BEA         4 10 19 32 51 75 102 133 170 208
*BEA         4 10 19 32 51 77 105 133 167 207
*BEA         4 10 21 32 49 74 105 139 173 204
*BEA         4 10 21 32 49 76 109 137 170 207
*BEA         4 11 18 29 48 77 106 134 160 204
*BEA         4 11 18 29 48 80 107 133 160 203
*BEA         4 12 17 30 54 77 106 134 160 212
*BEA         4 12 18 31 51 76 109 133 164 210
*BEA         4 12 19 32 48 75 112 134 164 206
BEC          4 9 18 32 50 71 96 129 167 199
BEC          4 11 20 28 41 70 103 127 150 188
BEC          4 12 17 30 48 71 98 126 156 198
BIK          4 12 23 43 71 97 128 179 226 264
BIK          4 12 26 42 66 102 140 164 216 288
BOG          4 10 19 32 51 74 101 129 158 199
BOG          4 10 20 32 48 74 104 131 159 195
BOG          4 11 18 31 52 75 100 126 158 206
BOG          4 11 19 34 50 71 98 133 162 195
BOG          4 11 20 31 53 76 97 126 168 199
BOG          4 11 21 32 49 74 101 128 162 200
BPH          4 9 16 25 39 61 86 111 141 173
BPH          4 9 17 28 42 60 84 113 140 169
BPH          4 9 18 30 43 62 85 105 135 180
BRE          4 10 20 36 61 85 107 147 191 234
BRE          4 10 20 37 61 83 110 144 192 238
BRE          4 11 18 37 62 85 110 147 195 236
BRE          4 11 23 37 54 82 119 152 184 233
CAN          4 10 20 34 54 78 104 134 168 210
CAS          4 12 23 41 70 97 125 174 224 264
CAS          4 12 23 43 72 95 128 177 225 259
CAS          4 12 26 43 64 101 138 165 215 284
CDO          4 12 20 35 69 105 125 168 231 282
CDO          4 12 21 39 67 99 129 172 228 275
CDO          4 12 24 42 66 98 130 172 228 278
CDO          4 12 28 44 64 100 144 178 215 277
CFI          4 10 21 36 56 84 114 143 182 231
CFI          4 12 20 34 56 81 116 151 186 220
CFI          4 12 22 37 57 84 114 156 184 222
CFI          4 12 23 37 55 83 114 153 195 222
CFI          4 12 24 36 54 79 118 153 190 234
CGF          4 9 18 34 55 75 98 133 177 216
CGF          4 9 18 34 55 76 97 131 177 217
CGF          4 10 18 32 58 80 96 124 176 228
CGF          4 10 19 33 55 79 100 129 172 216
CGF          4 11 22 34 50 76 111 142 165 199
CGS          4 9 16 26 43 67 91 116 148 188
CGS          4 9 17 28 45 66 91 119 148 186
CGS          4 9 18 32 48 66 91 121 150 184
CGS          4 9 18 32 48 67 91 119 151 185
CHA          4 9 17 29 45 64 85 110 140 173
-CHI         3 8 13 29 53 80 113 147 193 231
-CHI         4 6 14 28 56 80 114 152 190 236
-CHI         4 10 20 36 60 86 115 157 196 238
-CHI         4 11 22 40 64 89 120 160 203 248
-CLO         3 5 10 18 29 45 56 65 86 110
-CLO         4 8 13 22 34 44 55 72 94 117
-CLO         4 9 16 23 31 44 59 74 91 109
-CLO         4 9 16 23 32 45 58 76 98 118
-CLO         4 9 17 27 37 47 56 66 80 99
CON          4 10 19 32 50 73 101 132 164 199
CON          4 10 19 32 51 74 100 130 165 203
CON          4 10 19 32 51 74 101 130 164 203
CON          4 10 21 32 47 74 105 134 159 196
CON          4 11 18 28 49 77 103 126 155 201
CON          4 11 18 31 52 77 98 126 164 205
CON          4 11 19 32 49 75 105 131 159 196
CZP          4 8 16 33 52 73 112 160 190 214
CZP          4 9 18 32 54 83 113 149 191 234
CZP          4 10 20 33 56 85 114 144 192 242
DAC          4 11 24 39 63 95 132 156 199 266
DAC          4 11 24 41 59 99 130 155 202 262
DAC          4 12 20 37 63 91 118 164 212 245
DAC          4 12 22 39 65 91 121 163 208 250
DDR          4 10 21 37 62 94 124 158 196 252
DDR          4 11 23 39 62 91 124 159 203 251
DDR          4 12 22 37 59 93 127 158 193 251
DDR          4 12 24 33 60 97 136 150 192 264
DDR          4 12 24 39 57 93 121 157 210 240
DDR          4 12 24 40 63 87 121 165 208 255
DDR          4 12 25 40 61 86 119 164 212 253
DFO          4 9 16 26 41 60 82 107 135 167
DFO          4 9 17 29 44 62 85 112 139 169
DFO          4 9 17 29 45 63 82 106 136 168
DFO          4 10 18 27 42 62 84 109 135 167
DFO          4 10 18 28 45 65 84 106 134 173
DFO          4 10 18 28 45 66 89 115 141 171
DFT          4 10 21 36 55 79 106 138 175 215
DOH          4 11 24 41 63 91 128 171 214 259
DOH          4 12 23 41 64 92 128 167 207 259
DOH          4 12 24 36 61 101 133 156 204 256
DOH          4 12 25 42 68 90 122 167 210 268
DON          4 10 20 34 54 77 107 140 175 218
DON          4 10 20 35 54 77 106 138 177 221
DON          4 12 22 33 53 80 109 143 179 217
DON          4 12 23 37 52 74 107 143 183 223
DON          4 12 24 38 55 76 105 143 184 223
EAB          4 9 17 30 49 71 92 115 147 190
EAB          4 10 20 32 46 66 94 128 162 192
EDI          4 8 18 32 52 74 100 128 162 204
EDI          4 9 19 35 52 72 100 131 163 201
EMT          4 9 16 25 37 53 73 96 120 145
EMT          4 9 16 25 37 53 73 96 121 148
EMT          4 9 16 25 37 53 73 97 124 152
EON          4 10 20 35 55 80 108 137 170 214
EON          4 10 20 36 56 79 106 140 177 222
EON          4 10 21 36 53 77 109 142 175 217
EON          4 10 21 36 54 76 108 142 181 226
EON          4 10 21 37 55 76 103 149 191 218
EON          4 10 21 37 55 80 111 137 183 232
EON          4 11 24 38 52 82 124 146 182 238
EON          4 11 24 39 57 87 118 149 187 235
EON          4 12 20 36 62 84 112 151 193 229
EON          4 12 21 36 59 85 108 150 192 231
EPI          4 11 24 42 63 93 127 160 206 262
EPI          4 12 20 39 66 90 118 164 214 245
EPI          4 12 22 37 64 94 119 161 204 252
ERI          4 9 17 30 50 75 98 118 144 185
ERI          4 10 20 32 46 64 90 126 164 196
ESV          4 10 20 35 56 82 111 143 180 228
ESV          4 10 20 36 58 82 109 144 186 230
ESV          4 10 21 36 56 82 113 145 180 224
ESV          4 10 21 36 57 82 111 145 183 231
ESV          4 11 20 37 54 82 112 142 182 226
ESV          4 11 22 36 56 78 110 148 184 225
ETR          4 9 16 25 39 58 80 107 143 185
ETR          4 9 17 28 41 57 80 113 151 189
ETR          4 9 17 28 43 62 83 109 138 170
ETR          4 9 18 31 45 63 86 111 140 172
EUO          4 11 21 36 59 92 129 167 197 246
EUO          4 11 23 45 67 88 115 162 218 261
EUO          4 11 24 39 68 92 118 156 213 268
EUO          4 12 20 31 61 88 120 159 197 248
EUO          4 12 20 34 57 92 131 164 202 236
EUO          4 12 22 39 59 91 124 160 206 257
EUO          4 12 23 38 60 89 124 159 194 248
EUO          4 12 24 36 56 90 127 157 197 236
EUO          4 12 24 39 60 91 126 161 195 243
EUO          4 12 25 41 64 88 122 160 202 256
EZT          4 9 17 30 49 73 97 120 154 199
EZT          4 9 18 29 48 72 94 124 156 192
EZT          4 10 19 31 49 72 97 124 155 194
EZT          4 10 19 31 51 73 93 123 157 195
EZT          4 10 20 32 48 71 98 126 155 192
FAR          4 10 20 34 52 74 101 133 169 208
FAR          4 10 20 34 53 76 102 132 166 205
FAR          4 10 20 34 53 76 102 132 166 206
FAR          4 10 20 34 54 78 104 134 168 208
FAU          4 9 16 25 37 53 73 96 120 145
FER          4 12 20 35 67 104 121 157 223 276
FER          4 12 21 39 66 95 126 169 221 265
FER          4 12 23 40 66 96 131 164 214 272
FER          4 12 27 43 62 97 139 172 206 264
FRA          4 10 20 34 52 74 100 130 164 202
FRA          4 10 20 34 52 74 100 130 165 205
FRA          4 10 20 34 52 74 101 133 168 206
FRA          4 10 20 34 53 76 102 132 166 206
FRA          4 10 20 34 54 78 104 134 168 208
GIS          4 9 18 32 48 67 92 120 150 185
GIU          4 10 20 34 52 74 102 136 172 208
GIU          4 10 20 34 53 76 102 132 166 206
GIU          4 10 20 34 53 76 102 132 167 209
GIU          4 10 20 34 54 78 104 134 168 208
GIU          4 10 20 34 54 78 104 134 168 209
GME          4 9 17 29 45 65 89 116 144 175
GON          4 11 22 38 58 86 121 156 191 229
GON          4 11 22 38 63 91 115 147 195 244
GON          4 12 21 39 63 85 117 154 192 242
GON          4 12 25 38 57 86 119 158 194 233
GOO          4 9 19 36 56 76 106 142 172 217
GOO          4 9 19 36 56 80 102 132 180 220
GOO          4 10 20 34 52 78 110 140 176 212
GOO          4 10 20 34 58 82 102 136 176 220
GOO          4 10 20 36 55 77 108 140 174 219
HEU          4 10 19 37 58 84 109 149 201 236
HEU          4 10 20 34 62 85 104 148 201 241
HEU          4 11 21 35 61 89 111 146 194 243
HEU          4 11 23 39 55 82 127 158 178 221
HEU          4 12 18 34 62 88 110 132 196 254
IFR          4 10 18 31 52 77 103 127 159 210
IFR          4 10 19 32 53 78 102 126 162 209
IFR          4 10 21 35 50 74 105 133 165 206
IFR          4 11 20 32 53 77 100 135 166 199
IHW          4 11 24 41 69 95 122 165 221 276
IHW          4 12 22 37 65 95 129 170 212 259
IHW          4 12 22 37 65 99 128 164 210 262
IHW          4 12 22 40 62 96 127 166 213 258
IHW          4 12 23 40 67 96 130 161 208 273
IHW          4 12 24 36 62 95 132 169 204 251
IHW          4 12 24 38 62 97 137 168 211 260
IHW          4 12 24 41 65 94 129 171 216 264
IHW          4 12 25 40 63 94 134 177 208 258
IMF          4 10 21 37 61 94 126 162 200 249
IMF          4 10 22 37 61 89 112 156 215 257
IMF          4 11 20 33 59 93 124 150 189 252
IMF          4 11 20 36 62 92 119 152 199 251
IMF          4 11 21 35 61 97 123 153 205 260
IMF          4 11 21 37 61 87 121 159 201 251
IMF          4 11 22 37 66 97 120 153 208 267
IMF          4 11 23 39 62 93 131 167 201 248
IMF          4 12 19 39 62 88 123 156 199 256
IMF          4 12 20 38 63 94 118 150 206 262
IMF          4 12 21 33 55 94 136 157 185 244
IMF          4 12 21 35 62 90 123 161 202 252
IMF          4 12 21 38 60 89 123 161 202 249
IMF          4 12 21 39 65 92 119 157 208 256
IMF          4 12 21 40 60 88 121 159 202 249
IMF          4 12 21 41 64 89 125 161 209 253
IMF          4 12 22 34 63 92 119 160 201 243
IMF          4 12 22 35 57 90 126 159 197 241
IMF          4 12 22 37 58 94 129 161 196 248
IMF          4 12 23 38 60 90 126 162 205 256
IMF          4 12 23 39 61 87 122 162 201 242
IMF          4 12 24 39 62 92 126 159 207 251
IMF          4 12 24 40 60 91 126 167 204 250
IMF          4 12 25 39 57 88 128 160 195 246
ISV          4 9 18 32 50 71 96 129 167 200
ISV          4 9 18 32 50 72 97 128 167 203
ISV          4 11 20 28 41 70 105 131 154 188
ISV          4 11 20 28 42 74 110 132 150 195
ISV          4 12 17 30 48 72 99 128 160 199
ITE          4 10 18 31 55 77 105 136 166 216
ITE          4 10 19 31 50 82 107 132 168 209
ITE          4 10 21 36 54 77 102 135 181 217
ITE          4 11 21 34 53 78 108 138 168 211
ITH          4 9 18 35 61 90 116 146 190 244
ITH          4 9 19 37 60 86 117 151 189 238
ITH          4 11 20 32 55 85 112 141 185 243
ITH          4 11 20 34 57 81 117 155 192 234
ITH          4 11 22 32 51 87 116 139 183 241
ITH          4 11 22 36 53 83 119 155 186 236
ITH          4 11 22 39 57 80 114 156 202 239
ITH          4 12 21 36 56 83 112 155 196 237
ITH          4 12 22 37 56 84 116 154 193 233
ITW          4 9 19 38 61 83 110 149 194 234
ITW          4 9 19 38 62 82 108 152 197 229
ITW          4 12 23 36 56 87 121 149 181 231
IWR          4 9 18 32 50 72 98 128 158 192
IWR          4 10 19 32 49 69 98 132 161 190
IWR          4 11 18 31 49 72 96 125 159 194
IWR          4 11 20 27 43 73 99 117 147 198
IWV          4 9 18 32 52 78 105 130 164 213
IWV          4 11 21 34 49 72 101 138 177 204
IWV          4 12 20 28 49 69 100 136 166 201
IWV          4 12 20 32 50 74 101 135 167 203
IWV          4 12 20 34 50 67 100 141 178 214
IWV          4 12 22 32 45 69 101 137 167 199
IWV          4 12 24 32 40 66 108 136 168 196
IWW          4 9 18 33 55 84 114 144 177 220
IWW          4 9 18 33 56 84 108 135 179 227
IWW          4 9 18 34 56 79 104 138 177 219
IWW          4 9 19 35 55 80 110 142 174 216
IWW          4 10 20 34 52 78 110 156 191 216
IWW          4 11 18 33 53 78 116 146 180 219
IWW          4 11 20 29 48 85 111 134 165 232
IWW          4 11 20 29 50 82 104 129 180 220
IWW          4 11 20 31 46 79 105 131 163 225
IWW          4 11 20 35 54 75 107 143 172 216
IWW          4 11 21 34 56 76 106 145 190 225
IWW          4 11 22 28 50 80 110 126 174 217
IWW          4 11 24 38 52 77 108 143 181 211
IWW          4 12 18 33 55 77 105 138 178 226
IWW          4 12 20 36 55 75 106 138 176 219
IWW          4 12 21 36 53 76 106 143 179 224
JBW          4 10 21 39 61 81 107 148 192 228
JBW          4 12 24 36 56 86 118 146 176 228
KFI          4 9 17 29 45 64 86 112 141 173
LAU          4 10 19 32 52 74 99 126 162 203
LAU          4 10 19 33 53 74 96 127 166 201
LAU          4 10 20 33 51 74 99 128 161 199
LEV          4 9 17 30 49 71 92 114 143 183
LEV          4 10 20 32 46 64 90 124 156 184
LIO          4 10 20 34 52 74 102 136 172 208
LIO          4 10 20 34 53 76 103 135 170 209
LIO          4 10 20 34 54 78 104 134 168 210
LIT          3 7 16 31 50 68 93 128 161 196
LIT          4 9 19 34 50 72 100 128 160 197
LIT          4 10 19 31 51 76 98 124 161 201
LOS          4 10 20 34 52 74 102 136 172 210
LOS          4 10 20 34 54 78 104 134 168 210
LOV          4 8 20 40 54 76 116 144 200 210
LOV          4 9 19 39 55 79 113 149 177 229
LOV          4 10 21 37 58 87 111 138 187 232
LTA          4 9 17 28 42 60 81 105 132 162
LTL          4 9 17 29 46 69 98 131 162 187
LTL          4 10 21 35 49 66 89 117 150 190
LTN          4 9 17 30 49 72 97 125 158 197
LTN          4 10 20 33 50 71 97 129 163 200
LTN          4 10 20 34 51 71 96 126 162 202
LTN          4 10 20 34 53 76 102 132 166 205
MAR          4 10 20 34 52 74 102 136 172 208
MAR          4 10 20 34 53 76 102 132 166 205
MAR          4 10 20 34 53 76 102 132 167 209
MAR          4 10 20 34 54 78 104 134 168 208
MAZ          4 10 20 35 54 78 104 134 171 210
MAZ          4 10 21 36 53 74 104 138 174 212
MEI          4 9 18 30 39 67 98 121 147 189
MEI          4 9 18 30 46 63 94 125 152 183
MEI          4 10 16 26 46 66 94 114 158 194
MEI          4 10 17 30 46 67 91 123 153 190
MEL          4 11 22 36 57 90 127 157 194 244
MEL          4 11 23 38 57 88 126 158 191 236
MEL          4 11 23 38 61 93 121 153 198 246
MEL          4 12 21 36 63 88 121 153 192 249
MEL          4 12 21 40 63 83 124 155 197 244
MEL          4 12 23 38 59 87 122 158 198 243
MEL          4 12 23 38 62 91 116 155 203 244
MEP          4 12 24 42 67 95 133 177 219 277
MEP          4 12 25 42 69 100 129 176 229 277
MEP          4 12 26 44 64 98 144 172 222 272
MER          4 9 18 32 49 69 93 121 153 189
MFI          4 11 22 36 61 93 120 154 200 255
MFI          4 11 23 39 62 93 119 153 204 254
MFI          4 12 21 36 61 90 122 159 196 251
MFI          4 12 21 37 63 90 121 155 201 253
MFI          4 12 22 38 59 92 125 159 202 250
MFI          4 12 22 39 64 91 117 158 209 247
MFI          4 12 22 40 61 88 124 156 197 253
MFI          4 12 22 41 61 88 125 159 198 250
MFI          4 12 23 37 62 91 120 157 206 250
MFI          4 12 23 38 59 89 126 161 196 246
MFI          4 12 24 38 56 90 132 164 193 241
MFI          4 12 24 38 63 93 123 157 206 247
MFS          4 10 22 36 64 98 124 158 213 260
MFS          4 11 20 39 66 92 124 163 215 257
MFS          4 12 19 35 64 96 123 155 207 272
MFS          4 12 22 40 62 92 138 160 196 262
MFS          4 12 23 39 62 93 127 165 210 260
MFS          4 12 24 38 66 100 118 162 220 262
MFS          4 12 24 42 64 90 131 168 206 259
MFS          4 12 26 40 60 94 136 168 200 259
MON          4 11 23 44 67 95 134 168 215 271
MOR          4 11 24 39 54 86 126 156 195 242
MOR          4 11 24 39 60 92 122 148 195 250
MOR          4 12 20 37 64 87 114 154 198 241
MOR          4 12 22 38 60 88 115 155 204 242
MOZ          4 9 17 29 46 70 100 130 155 179
MOZ          4 9 17 29 47 72 101 130 158 190
MOZ          4 9 17 31 53 78 100 122 151 190
MOZ          4 10 21 34 46 64 92 127 169 211
MOZ          4 10 21 35 49 66 90 121 157 195
MOZ          4 10 21 35 51 71 94 124 163 204
MSE          4 10 19 33 53 83 114 141 174 227
MSE          4 10 20 34 56 83 109 140 181 226
MSE          4 10 21 34 57 84 112 139 181 230
MSE          4 11 20 31 55 85 115 141 179 223
MSE          4 11 20 36 54 78 106 148 193 225
MSE          4 11 21 32 47 75 114 156 189 215
MSE          4 12 18 35 58 81 110 143 177 230
MSE          4 12 22 33 50 75 114 152 183 220
MSO          4 10 20 34 53 77 106 138 170 206
MSO          4 10 21 37 55 75 101 136 175 211
MSO          4 12 21 32 51 80 110 132 164 212
MTF          4 11 24 45 77 109 137 174 224 280
MTF          4 12 21 44 74 106 138 172 226 284
MTF          4 12 24 42 64 93 133 179 234 290
MTF          4 12 24 42 70 95 136 184 227 277
MTF          4 12 26 45 64 96 134 186 230 290
MTF          4 12 27 47 69 99 142 184 227 281
MTN          4 12 24 36 64 112 132 156 222 264
MTN          4 12 24 39 66 103 130 168 216 274
MTN          4 12 25 43 68 95 133 177 223 274
MTT          4 12 22 40 65 98 132 159 206 278
MTT          4 12 22 40 67 97 124 165 219 265
MTT          4 12 22 42 66 94 126 164 220 270
MTT          4 12 23 43 66 92 130 170 213 261
MTT          4 12 24 40 64 96 136 167 207 258
MTT          4 12 24 41 62 97 129 170 212 262
MTT          4 12 24 44 66 88 132 174 214 258
MTW          4 11 22 38 60 86 115 147 191 238
MTW          4 11 22 38 60 88 113 147 190 243
MTW          4 12 21 37 58 87 119 154 182 227
MTW          4 12 21 37 62 84 119 147 188 239
MTW          4 12 23 37 59 85 120 154 184 231
MTW          4 12 23 38 59 83 115 155 192 233
MTW          4 12 24 39 55 85 122 156 188 225
MWW          4 10 16 30 49 77 100 138 181 214
MWW          4 10 20 32 52 76 111 146 185 225
MWW          4 10 20 34 54 87 114 139 188 244
MWW          4 10 21 40 62 78 95 128 177 228
MWW          4 11 18 32 52 78 107 147 187 215
MWW          4 11 22 32 53 79 113 144 176 220
MWW          4 12 22 31 52 74 112 142 166 204
MWW          4 12 22 35 51 81 109 137 175 218
NAB          4 8 20 40 52 82 116 132 184 236
NAB          4 9 19 40 55 80 115 138 183 229
NAT          4 8 18 36 56 66 116 140 154 232
NAT          4 9 19 35 52 78 106 139 179 213
NES          4 11 21 36 58 89 123 157 187 237
NES          4 11 24 40 63 86 114 158 208 255
NES          4 12 20 31 57 84 118 150 187 237
NES          4 12 20 34 57 88 125 158 192 224
NES          4 12 22 35 55 83 119 151 184 237
NES          4 12 22 38 57 86 118 152 196 245
NES          4 12 24 32 50 88 120 152 180 226
NON          4 11 23 44 72 95 124 170 229 279
NON          4 12 24 39 64 99 130 174 217 262
NON          4 12 24 40 62 92 142 166 214 262
NON          4 12 24 41 65 97 133 173 212 267
NON          4 12 25 42 67 95 133 174 219 273
NPO          4 10 20 34 58 82 108 144 186 222
NSI          4 12 23 40 68 95 123 169 217 256
NSI          4 12 23 42 70 93 126 172 216 255
NSI          4 12 26 43 64 99 133 161 210 274
OBW          4 8 16 30 45 69 95 126 162 194
OBW          4 8 16 30 50 67 93 122 154 204
OBW          4 8 16 32 52 72 90 120 160 208
OBW          4 8 17 30 43 69 97 124 174 195
OBW          4 9 18 32 46 64 93 130 170 214
OFF          4 9 17 30 50 75 98 118 144 185
OFF          4 10 20 32 46 66 94 128 162 192
OSI          4 10 21 37 57 82 111 145 189 236
OSI          4 11 22 34 52 84 120 149 180 220
OSI          4 12 22 37 60 81 112 154 192 230
OSO          4 8 16 29 46 70 101 118 162 190
OSO          4 8 16 30 44 76 92 130 148 202
OWE          4 9 18 35 57 76 96 128 172 216
OWE          4 9 19 34 52 75 99 129 172 215
OWE          4 11 22 32 49 77 109 139 163 197
-PAR         3 8 16 29 49 68 94 123 162 203
-PAR         4 9 18 31 48 71 99 132 162 197
-PAR         4 9 19 33 51 77 96 126 162 203
-PAR         4 10 19 33 52 72 102 126 161 204
PAU          4 9 17 29 45 65 89 117 149 185
PAU          4 9 17 30 47 66 88 113 144 183
PAU          4 9 18 31 47 68 91 117 151 188
PAU          4 9 18 31 47 68 92 119 152 188
PAU          4 9 18 32 48 67 92 121 152 185
PAU          4 9 18 32 49 69 94 123 153 186
PAU          4 9 18 32 49 69 95 123 152 188
PAU          4 9 18 32 49 70 95 122 154 191
PHI          4 9 18 32 48 68 96 126 155 191
PHI          4 9 18 32 50 71 94 122 157 195
PON          4 9 18 34 54 75 104 142 176 211
PON          4 10 19 34 56 78 106 144 179 211
PON          4 10 20 34 54 82 108 134 175 224
PON          4 10 20 36 56 76 105 144 180 215
PON          4 10 21 38 57 76 105 146 182 212
PON          4 11 20 34 55 83 110 136 176 227
RHO          4 9 17 28 42 60 81 105 132 162
-RON         2 4 10 24 38 58 91 110 138 194
-RON         4 7 17 31 49 76 98 125 170 208
-RON         4 10 16 31 56 67 94 146 164 188
-RON         4 10 20 31 47 78 109 127 162 212
RRO          4 10 19 37 59 86 111 149 201 241
RRO          4 10 20 34 62 86 108 150 201 242
RRO          4 11 21 36 62 90 111 148 203 252
RRO          4 11 23 40 56 83 130 163 182 226
RRO          4 12 18 34 62 90 112 136 198 264
RSN          4 8 20 44 55 80 118 152 204 228
RSN          4 9 19 39 59 78 117 155 189 235
RSN          4 9 21 42 57 82 119 151 188 239
RSN          4 10 21 37 58 91 117 144 194 241
RSN          4 11 21 40 61 89 116 145 191 239
RTE          4 10 19 33 56 81 105 136 175 219
RTE          4 10 22 37 54 79 108 140 176 215
RTE          4 11 21 35 57 80 106 139 176 218
RTH          4 10 18 31 55 77 103 134 165 214
RTH          4 10 19 31 50 82 106 130 168 203
RTH          4 10 21 36 54 75 100 136 181 214
RTH          4 11 21 34 53 78 108 137 165 207
RUT          4 10 21 37 58 87 116 146 185 232
RUT          4 10 21 38 60 84 113 148 192 232
RUT          4 11 21 37 62 85 114 148 185 232
RUT          4 11 23 38 58 86 114 148 189 234
RUT          4 12 22 40 58 82 116 154 186 232
RWR          4 11 23 42 66 94 133 173 218 280
RWR          4 12 24 42 68 97 133 180 221 277
RWY          4 6 12 17 28 38 52 64 84 104
SAO          4 9 16 25 39 58 79 104 130 158
SAO          4 9 16 25 39 61 84 102 124 158
SAO          4 9 17 27 40 61 85 106 132 167
SAO          4 10 16 25 42 61 82 108 132 156
SAS          4 9 17 30 48 68 87 109 142 184
SAS          4 10 19 30 45 65 90 118 145 175
SAT          4 9 17 30 50 75 100 126 157 194
SAT          4 10 20 33 50 71 95 124 158 197
SAV          4 9 17 29 45 63 84 112 144 177
SAV          4 9 17 29 45 65 88 113 143 179
SAV          4 9 17 29 45 65 88 114 144 177
SBE          4 9 17 27 38 55 78 102 129 157
SBE          4 9 17 27 39 56 77 100 126 157
SBE          4 9 17 27 40 59 79 99 126 158
SBE          4 9 17 28 41 57 77 101 130 162
SBS          4 9 16 24 35 53 77 104 130 153
SBS          4 9 16 25 38 58 84 111 135 157
SBS          4 9 17 27 39 55 75 100 127 156
SBS          4 9 17 28 41 56 75 100 127 157
SBT          4 9 16 24 35 53 77 104 130 153
SBT          4 9 16 25 38 58 84 111 135 157
SBT          4 9 17 27 39 55 75 100 127 156
SBT          4 9 17 28 41 56 75 100 127 157
SFE          4 10 19 35 58 86 108 144 183 233
SFE          4 10 20 35 57 83 116 141 181 230
SFE          4 12 20 37 62 82 114 142 192 238
SFE          4 12 22 36 56 86 114 150 179 232
SFE          4 12 22 37 55 83 120 149 177 227
SFE          4 12 23 41 58 78 111 154 198 235
SFE          4 12 24 37 54 80 117 158 184 219
SFF          4 11 19 36 55 82 113 148 181 220
SFF          4 11 20 31 58 86 115 142 174 225
SFF          4 11 22 38 57 80 111 148 189 228
SFF          4 11 22 39 54 84 110 145 189 234
SFF          4 11 23 36 59 79 114 147 183 229
SFF          4 11 23 37 57 82 113 150 184 228
SFF          4 12 20 34 56 87 115 143 176 224
SFF          4 12 20 34 56 88 115 142 177 225
SFG          4 10 20 36 58 83 112 152 206 250
SFG          4 10 20 37 62 90 120 155 193 241
SFG          4 10 20 38 61 86 117 152 196 246
SFG          4 10 21 40 63 88 118 156 200 247
SFG          4 11 21 37 56 85 122 161 192 240
SFG          4 11 22 38 55 79 114 158 201 242
SFG          4 12 22 35 52 88 118 148 182 244
SFG          4 12 22 35 61 86 121 155 199 248
SFG          4 12 22 36 52 78 122 148 180 236
SFG          4 12 24 36 53 85 120 150 192 241
SFG          4 12 24 36 56 80 116 156 193 235
SFG          4 12 24 38 61 83 117 159 205 246
SFH          4 10 19 34 47 76 100 140 172 213
SFH          4 10 20 31 54 71 106 132 174 212
SFH          4 11 22 35 57 75 107 135 178 221
SFH          4 11 22 38 52 78 103 140 178 220
SFH          4 12 19 35 54 79 103 145 167 216
SFH          4 12 22 34 50 72 108 147 179 208
SFH          4 12 22 35 49 80 109 144 178 205
SFH          4 12 23 36 53 75 108 143 178 212
SFN          4 10 19 34 48 76 102 139 166 205
SFN          4 10 20 31 53 73 106 130 169 206
SFN          4 11 22 35 56 73 103 131 173 217
SFN          4 11 22 38 51 76 99 135 176 220
SFN          4 12 19 34 55 79 101 139 163 209
SFN          4 12 21 34 49 78 109 138 176 196
SFN          4 12 22 35 51 74 108 146 171 199
SFN          4 12 23 35 52 73 106 142 176 205
SFO          4 9 16 27 44 65 87 110 138 171
SFO          4 9 18 29 42 65 91 111 138 176
SFO          4 9 18 30 43 64 90 111 139 178
SFO          4 10 17 28 46 63 86 117 142 168
SGT          4 11 21 37 63 86 121 152 196 258
SGT          4 11 22 37 62 89 120 155 202 257
SGT          4 11 23 38 62 92 113 159 210 244
SGT          4 12 24 42 61 87 128 168 205 250
SIV          4 9 18 32 48 67 92 120 150 187
SIV          4 9 18 32 48 68 96 126 155 191
SIV          4 9 18 32 49 69 93 121 155 193
SIV          4 9 18 32 49 69 93 122 156 191
SOD          4 10 20 34 52 74 100 130 164 202
SOS          4 7 15 27 41 68 93 119 146 192
SOS          4 8 15 27 46 70 93 116 151 197
SOS          4 10 19 31 47 71 97 124 153 187
SSY          4 10 19 35 57 84 113 147 179 229
SSY          4 10 20 35 57 83 115 146 183 227
SSY          4 12 20 36 59 84 115 152 183 236
SSY          4 12 22 37 55 87 120 148 180 234
SSY          4 12 22 37 57 87 117 152 185 234
SSY          4 12 22 38 60 78 114 150 200 232
SSY          4 12 24 38 57 79 116 156 193 233
SSY          4 12 24 44 56 78 110 158 206 234
STF          4 11 19 36 54 84 110 146 179 226
STF          4 11 20 31 58 84 117 137 174 229
STF          4 11 22 39 55 82 111 149 188 223
STF          4 11 23 36 59 80 113 147 183 227
STF          4 12 20 34 56 88 114 143 173 224
STI          4 9 17 35 57 77 103 138 188 225
STI          4 10 20 34 57 82 103 138 181 220
STI          4 11 20 36 57 78 109 140 176 222
STI          4 12 18 34 58 82 112 130 172 228
STT          4 9 21 38 57 78 104 144 195 220
STT          4 10 18 35 59 77 107 150 179 221
STT          4 10 19 32 55 81 109 141 174 223
STT          4 10 19 35 54 77 108 146 174 215
STT          4 10 20 35 57 77 108 139 184 230
STT          4 10 20 38 55 75 104 149 185 218
STT          4 10 20 40 57 78 105 143 191 226
STT          4 10 21 31 51 83 115 134 172 216
STT          4 10 23 37 57 78 108 146 187 225
STT          4 11 19 34 53 81 115 140 173 219
STT          4 11 20 32 54 89 115 138 172 221
STT          4 11 20 35 54 84 108 142 178 225
STT          4 11 21 33 55 78 111 145 175 217
STT          4 11 22 36 55 84 111 142 179 233
STT          4 12 20 31 50 88 117 137 167 221
STT          4 12 21 33 58 86 112 141 174 226
SZR          4 10 19 34 60 89 118 144 179 238
SZR          4 10 21 38 61 88 116 149 190 237
SZR          4 12 23 38 59 82 119 155 191 231
SZR          4 12 24 38 52 88 118 150 192 232
TER          4 11 19 34 56 78 116 152 184 208
TER          4 11 19 35 57 83 113 137 184 231
TER          4 11 21 33 53 80 112 155 187 214
TER          4 11 21 35 58 87 103 144 188 227
TER          4 11 21 41 61 77 107 134 186 232
TER          4 11 22 39 62 82 104 142 178 225
TER          4 12 20 35 55 81 119 142 182 216
TER          4 12 23 32 49 86 124 147 167 219
THO          4 8 18 34 50 68 100 130 160 204
THO          4 9 19 33 50 74 100 129 165 201
THO          4 9 19 35 52 72 100 131 163 201
TOL          4 10 20 34 52 74 102 136 172 209
TOL          4 10 20 34 53 76 103 135 170 208
TOL          4 10 20 34 53 76 103 135 170 209
TOL          4 10 20 34 54 78 104 134 168 210
TON          4 12 22 39 66 95 130 158 208 270
TON          4 12 22 41 68 97 118 166 224 258
TON          4 12 23 43 66 91 128 169 214 258
TON          4 12 24 40 61 96 133 163 204 262
TSC          4 9 16 25 37 53 74 99 125 151
TSC          4 9 17 28 41 56 73 93 117 146
TUN          4 10 22 39 62 83 109 156 201 241
TUN          4 11 21 34 57 90 123 150 187 238
TUN          4 11 21 35 58 86 117 150 198 241
TUN          4 11 21 36 60 87 113 150 199 244
TUN          4 11 21 38 60 86 116 152 197 247
TUN          4 11 22 36 55 87 123 159 188 237
TUN          4 11 23 37 60 88 121 155 200 235
TUN          4 11 23 38 56 87 122 152 193 241
TUN          4 11 24 39 58 86 122 158 190 237
TUN          4 12 19 37 62 87 115 153 194 243
TUN          4 12 20 36 60 87 113 154 196 244
TUN          4 12 20 37 60 88 117 147 192 246
TUN          4 12 20 41 61 84 119 146 197 250
TUN          4 12 21 36 66 92 112 151 202 250
TUN          4 12 21 37 56 90 121 154 198 234
TUN          4 12 21 39 62 84 115 155 201 242
TUN          4 12 22 33 55 88 124 153 187 238
TUN          4 12 22 34 59 88 116 157 198 235
TUN          4 12 22 36 55 87 129 158 186 233
TUN          4 12 22 37 57 86 121 160 194 236
TUN          4 12 22 37 58 89 124 158 190 234
TUN          4 12 23 38 59 83 118 159 197 239
TUN          4 12 24 38 59 88 119 156 195 240
TUN          4 12 24 38 61 91 121 154 194 244
UEI          4 9 19 35 55 77 102 135 173 214
UEI          4 10 20 35 56 80 105 135 174 217
UEI          4 10 21 36 53 76 108 142 173 210
UFI          4 9 18 33 51 71 97 124 153 195
UFI          4 10 19 30 50 70 93 124 155 196
UFI          4 10 19 31 46 64 91 123 156 194
UOZ          4 9 19 34 49 69 100 133 162 195
UOZ          4 9 19 35 51 69 97 131 164 197
UOZ          4 12 18 26 52 80 88 110 162 214
UOZ          4 12 18 28 52 82 100 120 162 208
USI          4 9 15 26 43 61 86 114 139 174
USI          4 9 17 26 41 65 85 108 145 181
USI          4 9 18 29 44 68 92 116 144 173
USI          4 10 17 27 46 70 94 112 134 181
USI          4 10 19 32 47 60 84 122 153 177
UTL          4 9 18 32 53 79 105 130 166 220
UTL          4 9 18 32 53 80 104 129 171 217
UTL          4 12 20 28 51 73 100 144 172 208
UTL          4 12 20 31 53 76 104 140 170 212
UTL          4 12 20 34 48 68 107 141 178 211
UTL          4 12 20 36 50 67 102 145 178 223
UTL          4 12 21 34 48 73 106 140 176 208
UTL          4 12 21 34 49 71 102 139 183 215
UTL          4 12 22 30 49 73 106 145 179 199
UTL          4 12 22 33 52 76 107 144 173 208
UTL          4 12 22 34 49 73 102 144 181 213
UTL          4 12 24 34 46 71 107 147 176 215
VET          4 12 23 43 68 94 125 172 226 269
VET          4 12 24 39 61 93 133 179 209 246
VET          4 12 24 41 65 95 128 169 218 270
VET          4 12 26 41 65 94 130 169 218 269
VET          4 12 28 38 60 98 152 182 200 246
VFI          4 10 18 30 44 60 80 106 135 168
VFI          4 11 20 31 44 61 82 108 139 174
VNI          4 9 20 37 61 92 117 152 201 246
VNI          4 9 20 37 62 87 119 158 195 248
VNI          4 9 21 41 59 85 133 155 195 261
VNI          4 10 18 36 64 82 118 176 202 264
VNI          4 10 18 39 65 83 119 169 218 236
VNI          4 11 19 39 59 89 130 166 207 274
VNI          4 11 23 39 63 93 126 170 210 255
VSV          4 8 20 48 56 84 120 160 212 240
VSV          4 9 21 42 61 81 123 159 198 246
VSV          4 11 21 40 61 93 122 151 195 251
WEI          4 8 18 32 52 70 98 132 152 200
WEI          4 9 18 32 51 74 98 126 163 199
-WEN         3 9 21 36 53 69 90 119 156 201
-WEN         4 9 16 27 46 73 102 129 157 191
-WEN         4 9 19 34 49 67 94 125 157 195
YUG          4 10 22 39 61 89 118 153 198 241
YUG          4 11 22 39 61 88 120 155 192 241
ZON          4 9 17 32 53 74 98 128 165 208
ZON          4 9 19 33 53 78 100 126 166 213
ZON          4 10 18 33 57 77 95 129 172 209
ZON          4 10 21 34 47 72 108 136 162 200
hypABCB      4 9 16 25 37 53 73 96 120 145
hypABCB      4 9 16 25 37 53 73 96 120 146
hypABCB      4 9 16 25 37 53 73 96 121 147
hypABCB      4 9 16 25 37 53 73 96 121 148
hypABCB      4 9 16 25 37 53 73 97 124 152
hypBEB       4 10 19 32 51 75 104 134 169 208
hypBEB       4 10 19 32 51 77 103 132 168 214
hypBEB       4 10 21 32 49 74 108 138 170 201
hypBEB       4 10 21 32 49 76 106 138 169 204
hypBEB       4 11 18 29 48 77 108 135 159 201
hypBEB       4 11 18 29 48 80 105 132 161 206
hypBEB       4 12 17 30 54 77 106 126 164 216
hypBEB       4 12 18 31 51 76 109 134 162 207
hypBEB       4 12 19 32 48 75 112 140 164 200
-rog         3 7 15 29 47 63 83 114 146 176
-rog         4 8 16 29 44 61 88 120 142 174
-rog         4 10 17 25 42 69 95 116 142 178
-sto         3 9 9 18 54 41 69 123 92 153
-sto         4 5 12 24 30 62 77 80 137 155
maricopaite  3 9 19 31 49 79 107 138 176 221
maricopaite  4 11 18 30 53 88 110 135 182 237
maricopaite  4 11 24 37 55 83 117 146 183 235
maricopaite  4 12 19 34 58 85 108 144 187 231
udud_zsm48   4 11 23 41 66 93 127 167 210 258
udud_zsm48   4 12 23 39 62 93 130 167 208 259
udud_zsm48   4 12 24 39 64 97 128 163 211 261
udud_zsm48   4 12 25 42 64 93 129 168 211 259
uudd_zsm48   4 11 22 38 63 94 130 166 208 259
uudd_zsm48   4 11 23 40 65 96 128 164 210 260
uudd_zsm48   4 12 24 41 65 94 127 166 211 259
uudd_zsm48   4 12 25 42 64 92 129 169 211 259
znsilicate   4 9 21 44 65 87 132 168 221 268
znsilicate   4 9 23 41 68 91 131 170 222 264
znsilicate   4 10 24 43 63 101 129 170 226 264
znsilicate   4 11 21 43 68 90 132 178 212 276
znsilicate   4 11 23 43 64 101 130 172 219 278
ban          4 11 22 42 67 97 133 176 223 277
ban          4 11 24 42 65 97 135 176 221 277
coe          4 10 22 47 83 125 171 215 288 349
coe          4 10 23 47 83 127 174 221 276 356
cor          4 10 24 42 58 106 136 170 216 262
cor          4 11 23 46 70 100 131 177 230 280
cri          4 12 24 42 64 92 124 162 204 252
fel          4 10 20 38 58 80 112 144 180 226
fel          4 10 22 38 56 82 112 142 182 226
kea          4 12 26 48 76 114 152 206 252 318
kea          4 12 29 50 82 116 156 202 262 320
mil          4 10 22 43 69 95 123 162 215 269
mil          4 12 22 36 58 94 136 164 194 248
mog          4 10 24 40 64 90 120 160 200 244
mog          4 11 24 41 62 90 122 157 200 247
par          4 10 21 37 57 81 109 142 180 222
qua          4 12 30 52 80 116 156 204 258 318
sca          4 11 20 40 68 93 120 157 206 254
sca          4 11 26 43 58 90 132 159 196 257
tri          4 12 25 44 67 96 130 170 214 264
vpi-10       4 8 19 40 52 84 113 142 185 233
vpi-10       4 8 19 40 54 78 117 138 181 237
vpi-10       4 8 20 38 54 84 116 140 182 244
vpi-10       4 9 18 40 55 80 120 142 178 246
vpi-10       4 9 19 37 55 82 111 142 192 222
vpi-10       4 9 19 38 57 76 119 146 169 243
vpi-10       4 10 20 40 57 80 110 146 193 226
ulm-5        4 9 17 28 40 56 79 105 134 166
ulm-5        4 9 17 28 41 57 78 105 135 165
ulm-5        4 9 17 28 41 59 83 107 133 166
ulm-5        4 9 18 30 41 56 79 104 132 167
b2-gob       4 8 18 38 48 72 110 136 166 202
b2-gob       4 10 20 34 55 80 100 130 179 214
b2-1rwgk     4 8 18 32 50 76 98 122 160 204
b2-1rwgk     4 9 17 32 52 73 103 116 162 212
b2-1rwgk     4 9 18 32 49 76 100 122 163 200
b2-1rwgk     4 9 19 32 46 77 103 124 152 210
b2-2rwgk     4 8 18 36 50 77 107 137 181 222
b2-2rwgk     4 8 18 36 54 78 108 135 176 233
b2-2rwgk     4 8 20 36 50 82 110 141 182 221
b2-2rwgk     4 9 19 34 58 81 104 135 191 224
b2-2rwgk     4 9 19 36 54 79 110 132 181 237
b2-2rwgk     4 9 19 37 54 80 111 144 180 220
b2-2rwgk     4 10 20 34 55 78 113 138 188 224
b2-2rwgk     4 10 20 36 53 82 111 143 182 229
my265        4 8 18 38 54 68 110 140 160 206
my265        4 10 20 34 55 80 100 130 179 214
IceIh        4 12 25 44 67 96 130 170 214 264
IceIc        4 12 24 42 64 92 124 162 204 252
IceII        4 12 29 58 88 124 169 222 280 346
IceIII       4 12 26 48 76 114 152 206 252 318
IceIII       4 12 29 50 82 116 156 202 262 320
IceIV        4 12 31 65 99 139 191 253 324 402
IceIV        4 12 31 65 100 141 193 251 319 402
IceV         4 10 23 50 90 131 177 240 305 379
IceV         4 11 25 56 92 129 189 235 304 384
IceV         4 11 26 53 93 134 180 245 299 378
IceV         4 12 26 54 92 128 196 236 302 374
IceVI        4 8 18 32 52 74 100 128 162 204
IceVI        4 9 19 35 52 72 100 131 163 201
IceVII       4 12 24 42 64 92 124 162 204 252
IceVIII      4 12 24 42 64 92 124 162 204 252
IceIX        4 12 26 48 76 114 152 206 252 318
IceIX        4 12 29 50 82 116 156 202 262 320
BGB1         4 11 24 41 62 90 122 157 200 247
hyp01        4 12 24 42 66 96 130 170 214 264
hyp01        4 12 25 44 67 96 130 170 214 264
hyp02        4 10 21 36 56 82 110 142 181 222
hyp02        4 10 21 38 56 80 112 142 179 224
hyp03        4 12 27 50 77 112 152 200 252 312
hyp04        4 9 18 32 51 72 97 129 164 202
hyp04        4 9 18 33 51 72 97 126 164 204
hyp04        4 10 19 32 52 74 99 132 166 201
hyp04        4 10 20 32 50 75 101 129 161 202
hyps01       4 9 19 34 51 74 102 131 165 203
hyps01       4 10 19 32 52 75 100 131 166 205
hyps01       4 10 20 34 53 76 103 132 161 200
bel          4 8 18 38 54 68 110 140 160 206
bel          4 10 20 34 55 80 100 130 179 214
bfe          4 10 22 38 56 81 113 146 182 227
bfe          4 11 20 35 60 84 108 142 187 228
bfe          4 11 21 35 59 84 110 141 185 229
bni          4 8 18 38 48 72 110 136 166 202
bni          4 10 20 34 55 80 100 130 179 214
bsv          4 9 17 30 52 78 105 141 177 217
a53c         4 10 22 41 63 85 114 155 199 240
a53c         4 12 25 38 59 90 122 154 188 238
rub23        4 8 20 34 60 90 126 152 210 258
rub23        4 8 21 36 61 88 132 153 210 254
rub23        4 8 22 38 62 86 138 152 206 252
rub23        4 10 19 38 61 90 122 158 207 258
rub23        4 10 19 39 63 89 124 170 204 250
rub23        4 10 21 38 60 91 127 154 203 264
rub23        4 10 21 39 62 90 129 164 198 257
rub23        4 10 21 40 61 91 125 158 210 255
rub23        4 10 21 40 61 92 126 157 213 252
rub23        4 10 21 41 60 93 121 159 207 258
rub23        4 10 21 41 60 94 124 160 210 257
rub23        4 11 23 45 66 89 124 166 207 257
rub23        4 11 23 45 66 89 124 167 205 259
h91_r        4 6 12 16 28 40 68 82 112 134
h91_r        4 6 12 17 28 40 68 87 112 133
h91_r        4 6 12 18 28 38 68 90 112 132
